0 0.699155
276338 0.305723
68390123 0.305723
297293420 0.305723
799680500 0.305723
752576 0.0001
995912396 0.0001
1447853609 0.0001
1699316550 0.0001
1368132 0.0001
177880393 0.0001
1426351975 0.0001
1843239944 0.0001
1658959 0.0001
108440150 0.0001
755073047 0.0001
1750846921 0.0001
1934449 0.32194
374490405 0.32194
990782380 0.32194
1713813852 0.32194
2636830 0.0001
209355283 0.0001
744634187 0.0001
1800917730 0.0001
3174524 0.0001
1686608414 0.0001
1734574541 0.0001
1924594186 0.0001
3539304 0.0001
140832011 0.0001
1175816477 0.0001
1313301886 0.0001
4418396 0.19218
240138823 0.19218
1489917703 0.19218
1826147357 0.19218
4565756 0.0001
145788790 0.0001
955686947 0.0001
1228142703 0.0001
4657110 12.9373
2037871120 12.9373
5668370 0.0001
1233642856 0.0001
1369861472 0.0001
1632078812 0.0001
6243252 0.0001
208887033 0.0001
294283805 0.0001
665042769 0.0001
6475835 0.0001
785204374 0.0001
801947837 0.0001
996580881 0.0001
6594863 0.0001
132751397 0.0001
435457298 0.0001
1428084668 0.0001
8962397 0.0001
13618827 0.0001
808331319 0.0001
1230592551 0.0001
9288186 0.0001
790866300 0.0001
1202697636 0.0001
1376022307 0.0001
9473343 0.0941574
217816484 0.0941574
395155302 0.0941574
1490235450 0.0941574
9578517 34.8835
689229148 34.8835
1167026717 34.8835
1443644757 34.8835
9620313 0.271596
879177595 0.271596
1123395475 0.271596
2119348178 0.271596
9850015 0.953931
486945484 0.953931
1134820184 0.953931
1580434699 0.953931
9894955 0.0001
635402519 0.0001
1834975335 0.0001
2051089209 0.0001
11423376 0.0001
383881156 0.0001
971763628 0.0001
1690531164 0.0001
12056568 0.0001
1795498333 0.0001
13653263 0.0001
1242645353 0.0001
1722801907 0.0001
1868267346 0.0001
14542084 0.0001
645120748 0.0001
1672996941 0.0001
2001660359 0.0001
15030207 0.0001
581690374 0.0001
887366994 0.0001
1573768527 0.0001
15544231 0.0001
1146460522 0.0001
1435982132 0.0001
1514714205 0.0001
15883524 0.0001
574019890 0.0001
943806427 0.0001
1672850987 0.0001
16876587 0.957571
990137898 0.957571
17450292 0.0001
516701574 0.0001
18117161 0.0001
178423193 0.0001
961566526 0.0001
1132736811 0.0001
19183754 0.626574
341183140 0.626574
1684422668 0.626574
2034638401 0.626574
20528379 0.560992
37812560 0.560992
794306824 0.560992
1863605092 0.560992
21420037 7.17095
188887687 7.17095
1920094017 7.17095
2021041603 7.17095
22178745 0.0001
762483036 0.0001
799973426 0.0001
836336821 0.0001
22417203 0.0001
973151807 0.0001
1515575563 0.0001
1766859876 0.0001
22883680 0.0001
316539432 0.0001
351729639 0.0001
1030754990 0.0001
23030534 40.9362
99393649 40.9362
878681536 40.9362
1099876114 40.9362
23177385 0.0001
1088610224 0.0001
1432830550 0.0001
1842628745 0.0001
23778153 0.0001
53165183 0.0001
144559055 0.0001
2076095868 0.0001
24622164 0.0001
525547509 0.0001
1868791133 0.0001
2031424159 0.0001
25059541 0.0001
622567332 0.0001
744927373 0.0001
1261893691 0.0001
25267674 0.55832
1425800009 0.55832
1710011926 0.55832
2079431457 0.55832
25324878 0.121842
341251721 0.121842
397610330 0.121842
1929701176 0.121842
25490813 0.0001
208668338 0.0001
847317010 0.0001
925308862 0.0001
26843179 0.0001
231417382 0.0001
528790812 0.0001
1488015541 0.0001
26950913 0.0001
298166028 0.0001
1577412399 0.0001
2081217344 0.0001
27197464 0.0001
367801885 0.0001
1577146934 0.0001
2015709777 0.0001
28206626 0.311407
473831537 0.311407
1834781140 0.311407
1892480903 0.311407
28938197 0.722843
472510854 0.722843
29001318 0.0001
487680911 0.0001
1228570390 0.0001
1741075613 0.0001
29161330 0.951293
1323454510 0.951293
1740864654 0.951293
1806199829 0.951293
30253151 11.9075
58417281 11.9075
831229706 11.9075
1242378770 11.9075
30417966 3.83352
355018148 3.83352
1470969430 3.83352
1896026558 3.83352
30459746 0.094051
642085680 0.094051
31107812 5.0126
492616043 5.0126
823571006 5.0126
1727527445 5.0126
33025629 0.0001
143311220 0.0001
753876485 0.0001
1722263275 0.0001
33036336 0.0001
961221359 0.0001
1023075508 0.0001
2105119661 0.0001
33527365 0.870044
134952932 0.870044
615885438 0.870044
1853144088 0.870044
33634086 0.0220631
277060677 0.0220631
34186777 0.0001
822893430 0.0001
1150946930 0.0001
2144149374 0.0001
34714600 0.0001
849392501 0.0001
1116797405 0.0001
2054362403 0.0001
35287799 0.0001
762120920 0.0001
1081941565 0.0001
1733855857 0.0001
35390435 0.0001
268376539 0.0001
984549692 0.0001
1316777666 0.0001
35435351 0.148879
341012995 0.148879
730709993 0.148879
1990534425 0.148879
35748171 0.367105
160927483 0.367105
531033839 0.367105
1702004986 0.367105
36467615 0.0001
689958671 0.0001
1209660214 0.0001
1803060165 0.0001
37193466 0.0001
614048018 0.0001
1713222368 0.0001
1927590762 0.0001
37903482 29.0161
517187074 29.0161
1213057858 29.0161
1859779387 29.0161
38593986 0.0001
850199422 0.0001
1062082886 0.0001
1990165052 0.0001
39521333 0.0001
1138260780 0.0001
1312514324 0.0001
1988651979 0.0001
40357999 0.0001
804687551 0.0001
40525924 0.0001
313074705 0.0001
588913056 0.0001
1119603824 0.0001
41355097 0.0001
886367642 0.0001
1074817939 0.0001
2128700723 0.0001
42224667 0.0001
606759923 0.0001
1694007008 0.0001
1879146346 0.0001
43104793 0.00123445
361537600 0.00123445
477626849 0.00123445
1213246591 0.00123445
43502349 0.0001
895280466 0.0001
1791147900 0.0001
1868478273 0.0001
44022142 0.0001
737813263 0.0001
1219115479 0.0001
1771917253 0.0001
45330962 0.946889
1264724328 0.946889
1360373633 0.946889
1643397437 0.946889
45780916 0.0001
213947928 0.0001
288989436 0.0001
625374033 0.0001
45940384 0.0001
635728555 0.0001
866890751 0.0001
1603560528 0.0001
46832935 0.0001
662741276 0.0001
788368949 0.0001
1216480713 0.0001
46994258 0.0750666
437017957 0.0750666
981342605 0.0750666
1536109180 0.0750666
47050782 32.338
214518002 32.338
780663627 32.338
1810110467 32.338
47215727 27.2352
230859103 27.2352
935816030 27.2352
953532014 27.2352
47391823 0.0001
836163872 0.0001
1195659720 0.0001
2081636548 0.0001
47847913 0.35468
215916805 0.35468
445734993 0.35468
1609728793 0.35468
48771059 0.0001
1164858179 0.0001
1322820851 0.0001
2017216998 0.0001
48809684 0.0001
1131131341 0.0001
1289661716 0.0001
1953343435 0.0001
49176295 0.0001
1816836080 0.0001
49387163 0.0001
473328130 0.0001
1252525890 0.0001
1852453338 0.0001
49492913 0.0001
64811259 0.0001
803988457 0.0001
1844549476 0.0001
49654658 0.0001
591981087 0.0001
1852705987 0.0001
1976993631 0.0001
50377485 0.0163996
293738606 0.0163996
730321519 0.0163996
956659980 0.0163996
50627711 0.110571
361862277 0.110571
380591864 0.110571
977241091 0.110571
51081746 0.0001
240099779 0.0001
51251893 0.0001
1552154731 0.0001
1701937481 0.0001
2043558992 0.0001
51394499 0.0001
866203486 0.0001
1098341129 0.0001
2039789559 0.0001
52028226 0.0001
335870235 0.0001
770799673 0.0001
2044319143 0.0001
52772632 0.0001
547827923 0.0001
1279039378 0.0001
1438339672 0.0001
53864494 0.0001
399305124 0.0001
1461648567 0.0001
1907415903 0.0001
54446717 0.0001
960168060 0.0001
54553405 0.0001
1210527897 0.0001
55290402 0.0001
479056528 0.0001
1844396853 0.0001
1915304839 0.0001
56286182 0.0537583
79506268 0.0537583
1007559043 0.0537583
1121561855 0.0537583
56515616 0.151337
359611444 0.151337
618398085 0.151337
1133506612 0.151337
58026381 0.0001
98020301 0.0001
1933910821 0.0001
2109017350 0.0001
59039350 0.0001
475352883 0.0001
770077314 0.0001
1129673314 0.0001
59077359 37.1047
511460363 37.1047
528334880 37.1047
947993797 37.1047
59711337 4.52325
60356254 4.52325
137232686 4.52325
2036038012 4.52325
59767845 59.7349
1423873040 59.7349
1839373242 59.7349
2043036744 59.7349
60837454 0.676113
769045066 0.676113
1075826182 0.676113
1547572320 0.676113
61753154 0.0001
264591321 0.0001
783718170 0.0001
1642606662 0.0001
62927156 0.188102
176468107 0.188102
501029891 0.188102
1610532376 0.188102
63235338 0.0001
646895921 0.0001
1068422418 0.0001
1506893550 0.0001
64328910 0.233782
377376329 0.233782
1105307426 0.233782
1850718116 0.233782
64577915 0.0001
819764244 0.0001
1502112846 0.0001
1658813762 0.0001
65112659 0.0001
704501129 0.0001
1068635357 0.0001
1590235299 0.0001
65170119 0.0001
1343527285 0.0001
1537371845 0.0001
2033585362 0.0001
66748214 0.0001
640558194 0.0001
843661959 0.0001
1728022630 0.0001
67664270 0.0001
429393885 0.0001
1621654043 0.0001
2100823112 0.0001
68504907 0.0001
115638851 0.0001
1045923996 0.0001
1167473234 0.0001
68568312 0.148801
1169739143 0.148801
1408699603 0.148801
1497292296 0.148801
68675681 0.0001
1998815013 0.0001
68995634 0.574033
587418095 0.574033
719323577 0.574033
1068016646 0.574033
69177465 0.0001
206404634 0.0001
299696713 0.0001
428863018 0.0001
69397201 0.0001
165026078 0.0001
986965105 0.0001
1064696797 0.0001
69497570 0.0001
301009189 0.0001
440925845 0.0001
2129663223 0.0001
70100579 200.796
730052325 200.796
1310863707 200.796
1535765468 200.796
70304094 0.0001
690491654 0.0001
935439102 0.0001
1508691297 0.0001
70579756 0.0001
109197042 0.0001
869410325 0.0001
1213504269 0.0001
71135573 0.0001
178126928 0.0001
1426086526 0.0001
1777601817 0.0001
71623871 0.0001
202770652 0.0001
73558898 1.62872
97767239 1.62872
1543254364 1.62872
1746580235 1.62872
75079191 0.0001
475004904 0.0001
655945444 0.0001
930898808 0.0001
75493123 0.294295
238815831 0.294295
1054731499 0.294295
1303278713 0.294295
77087749 0.0001
1145694225 0.0001
1418374244 0.0001
1698271701 0.0001
78044729 0.0001
232517904 0.0001
449243977 0.0001
1351512999 0.0001
78511210 0.0001
1380790378 0.0001
1509672922 0.0001
2121898623 0.0001
79387208 0.0001
566806757 0.0001
1188836994 0.0001
1811761228 0.0001
79719048 0.0001
1451703567 0.0001
1793920279 0.0001
2074078551 0.0001
79876002 139.149
658554985 139.149
728555300 139.149
854268654 139.149
80002742 0.0001
97702762 0.0001
466615901 0.0001
1371457573 0.0001
80128808 0.0001
1052991785 0.0001
1348962366 0.0001
1784824383 0.0001
80570935 25.3236
1336553875 25.3236
81297273 0.0001
549289992 0.0001
563233602 0.0001
1187122164 0.0001
81908207 0.0001
228392646 0.0001
704184759 0.0001
1672583513 0.0001
82206618 0.0001
381893904 0.0001
872921382 0.0001
1595057770 0.0001
82650202 0.631106
257676266 0.631106
979051820 0.631106
1083130681 0.631106
83129365 0.0001
576345085 0.0001
685018864 0.0001
1009618810 0.0001
83477534 0.0001
361440350 0.0001
817961061 0.0001
1652969442 0.0001
84168110 0.0445878
115365501 0.0445878
633743704 0.0445878
1463853870 0.0445878
84234627 0.966099
627113116 0.966099
1560435287 0.966099
1966414635 0.966099
84748699 0.0001
1006380859 0.0001
1271688595 0.0001
2104463184 0.0001
85277802 0.0001
111264152 0.0001
907067653 0.0001
1039585428 0.0001
85721548 0.0001
1295724885 0.0001
1479842620 0.0001
1534390273 0.0001
86525634 0.0001
766453664 0.0001
87527102 18.2682
189634322 18.2682
1574173266 18.2682
1772890623 18.2682
87635718 0.0001
899669612 0.0001
903401914 0.0001
2085504278 0.0001
87941944 0.10807
243995784 0.10807
471750172 0.10807
1724526601 0.10807
88294008 2.30511
1460120824 2.30511
1555127112 2.30511
2140611693 2.30511
89629244 0.0001
162872367 0.0001
306886757 0.0001
1570607537 0.0001
90056005 0.883493
821631594 0.883493
1086935234 0.883493
2101117838 0.883493
91369001 0.0001
948966546 0.0001
975623244 0.0001
2129957681 0.0001
92796723 0.0001
851898083 0.0001
1134853958 0.0001
1961191062 0.0001
92995047 0.914618
896211803 0.914618
930746988 0.914618
2125170966 0.914618
93097203 0.0001
367526255 0.0001
1337527386 0.0001
1469017509 0.0001
93291840 0.0678857
744499390 0.0678857
1090228223 0.0678857
1393682432 0.0678857
94679277 0.0001
429032316 0.0001
1020837703 0.0001
1675311889 0.0001
96271503 0.0001
820833384 0.0001
1024456272 0.0001
1903139697 0.0001
97223461 0.0001
919502410 0.0001
1472750195 0.0001
1822389119 0.0001
97327894 0.0001
1958241092 0.0001
2001441120 0.0001
2002548887 0.0001
97912660 0.0001
547109743 0.0001
837737263 0.0001
1469141203 0.0001
98331346 0.0001
649927201 0.0001
1203439128 0.0001
1820891784 0.0001
98840910 0.0001
122876304 0.0001
362239269 0.0001
1846667325 0.0001
100226675 0.0001
2044662791 0.0001
100764783 0.0001
775343379 0.0001
1448373208 0.0001
1982973639 0.0001
102005357 0.0001
375856646 0.0001
785650905 0.0001
1201081716 0.0001
102398218 0.0001
425080375 0.0001
447845603 0.0001
933952956 0.0001
102774536 0.605824
453011781 0.605824
542603337 0.605824
891669095 0.605824
105116021 0.0773013
1183997281 0.0773013
1295205158 0.0773013
2088795799 0.0773013
105354751 0.0001
604579398 0.0001
974392177 0.0001
1396564844 0.0001
105394282 0.0001
1392441995 0.0001
1497894203 0.0001
2090620543 0.0001
105522676 0.0001
122397151 0.0001
333578099 0.0001
686141785 0.0001
105791870 0.0001
1886185864 0.0001
106502205 0.0001
968940033 0.0001
1409918541 0.0001
1506230803 0.0001
106862152 0.0273081
561709572 0.0273081
1144650370 0.0273081
1800307373 0.0273081
107687463 0.0001
370123707 0.0001
1715464467 0.0001
2114554092 0.0001
108001817 239.503
1163546078 239.503
108719959 0.0001
252166270 0.0001
709753925 0.0001
1610966187 0.0001
110456753 0.0001
1539175745 0.0001
1815205064 0.0001
2055083420 0.0001
110719779 0.0001
1141452833 0.0001
1179180855 0.0001
1975127440 0.0001
110764803 0.0001
244302006 0.0001
1047406090 0.0001
1330362489 0.0001
110934832 0.842199
248403795 0.842199
642332209 0.842199
773577298 0.842199
111129219 0.0001
308720393 0.0001
1442094921 0.0001
1935325345 0.0001
111225023 0.0001
212189757 0.0001
111653004 0.807814
344117766 0.807814
741464281 0.807814
1193592725 0.807814
112752880 0.0001
181626987 0.0001
731949224 0.0001
1694371828 0.0001
113588516 0.0001
824437021 0.0001
865413571 0.0001
2101576764 0.0001
113744910 0.0001
1019368975 0.0001
1088689275 0.0001
2061622906 0.0001
114056465 39.7212
1596566998 39.7212
114170743 0.0001
1404333540 0.0001
1739923209 0.0001
2041066046 0.0001
115264577 202.839
298047000 202.839
683661746 202.839
2090300460 202.839
117040510 0.0001
1023160191 0.0001
1381549672 0.0001
1750928489 0.0001
117513730 0.215649
290381654 0.215649
524969914 0.215649
1113783626 0.215649
118014184 0.0001
863441733 0.0001
1709800965 0.0001
1804822441 0.0001
118699405 0.0001
2088062634 0.0001
120395118 0.96036
310824937 0.96036
1242297266 0.96036
1705370420 0.96036
120475429 0.0001
875278922 0.0001
1467721874 0.0001
1814870430 0.0001
120615507 0.0001
271411210 0.0001
641970832 0.0001
1919622926 0.0001
120866081 0.0001
575684219 0.0001
1065832446 0.0001
1674791266 0.0001
123114778 0.0001
273387331 0.0001
423010410 0.0001
1293815284 0.0001
123285647 0.0001
811542153 0.0001
1072314960 0.0001
1910264208 0.0001
123533468 0.0001
573532721 0.0001
1515048186 0.0001
2003612212 0.0001
123878195 0.0135222
846537730 0.0135222
1125627303 0.0135222
1979755158 0.0135222
124013095 0.0001
215137687 0.0001
458342577 0.0001
1636148900 0.0001
124278453 28.8091
287807457 28.8091
623305996 28.8091
2014216188 28.8091
125198760 0.0001
445601612 0.0001
1603409220 0.0001
2020534689 0.0001
125812546 0.459737
1414765918 0.459737
1616048051 0.459737
2014942731 0.459737
126071513 0.0001
148269119 0.0001
1060157446 0.0001
1230315302 0.0001
126342739 0.0001
715064843 0.0001
1047680881 0.0001
1348415726 0.0001
126476127 0.0001
528853297 0.0001
1477936497 0.0001
1917638013 0.0001
126792294 0.0489969
1021555963 0.0489969
1350046650 0.0489969
1360060198 0.0489969
126914320 0.0001
435356519 0.0001
437721268 0.0001
1964377446 0.0001
127991660 0.0001
2123399850 0.0001
128104714 0.569285
1175203957 0.569285
1389940633 0.569285
1477516610 0.569285
128355960 0.0001
1471440409 0.0001
1543672233 0.0001
2104682605 0.0001
128908299 0.126892
1225957444 0.126892
1518757627 0.126892
1599955216 0.126892
129160419 0.0001
301798839 0.0001
498052026 0.0001
1082601802 0.0001
129202298 0.0733757
791943448 0.0733757
1288971230 0.0733757
1683178172 0.0733757
129698313 0.0001
831708997 0.0001
1728885253 0.0001
1797303624 0.0001
130394953 0.0001
440180141 0.0001
1568135492 0.0001
2055939489 0.0001
130839971 0.0001
1454788958 0.0001
1625367890 0.0001
2063358475 0.0001
131563718 0.0001
207714166 0.0001
431230129 0.0001
1667263140 0.0001
134434812 0.0001
1112266514 0.0001
1714301027 0.0001
1867712330 0.0001
134687606 0.0001
410275613 0.0001
448958403 0.0001
1937872494 0.0001
135087856 0.0001
227626701 0.0001
346467097 0.0001
594380102 0.0001
135155523 0.0939016
1987972054 0.0939016
136315465 0.0001
873282951 0.0001
1486265030 0.0001
1589538569 0.0001
136737629 0.0001
489281844 0.0001
611088392 0.0001
2047117765 0.0001
137418111 0.0001
159478090 0.0001
482989301 0.0001
791631522 0.0001
137594207 0.120047
365605819 0.120047
1112890064 0.120047
1705616949 0.120047
138012889 0.134618
1928171212 0.134618
1929013051 0.134618
2035060875 0.134618
138147628 0.0001
842939693 0.0001
1091218025 0.0001
2064605288 0.0001
138761836 0.0001
806787724 0.0001
1126305224 0.0001
2071052584 0.0001
140089251 0.137792
856589999 0.137792
1579061834 0.137792
1830514469 0.137792
140502711 0.0001
1145015190 0.0001
1239191982 0.0001
2089582921 0.0001
141271481 0.0001
348146768 0.0001
471373756 0.0001
853826615 0.0001
142730023 25.6932
1213222707 25.6932
1440209047 25.6932
1684333862 25.6932
144726080 0.0001
189023123 0.0001
601148166 0.0001
1364345200 0.0001
146921563 0.0001
568390907 0.0001
764142688 0.0001
1201635079 0.0001
147545338 0.0001
541867416 0.0001
1501315166 0.0001
1912283452 0.0001
147983541 0.0001
1209528401 0.0001
1559929131 0.0001
1594550792 0.0001
148398387 0.0001
1004379228 0.0001
1213803270 0.0001
1930312202 0.0001
148491690 0.0001
1473923580 0.0001
1727310389 0.0001
2059573668 0.0001
149079574 0.0648976
790510323 0.0648976
1695657419 0.0648976
2028509999 0.0648976
149206786 0.0001
1199816392 0.0001
1372356508 0.0001
1439444466 0.0001
149378966 0.0001
596886736 0.0001
673526624 0.0001
1915957635 0.0001
150822290 0.0001
389752096 0.0001
1717154949 0.0001
2040515639 0.0001
150946407 0.0772013
516825715 0.0772013
961314774 0.0772013
1579126375 0.0772013
151178199 0.0001
1563059785 0.0001
1850901345 0.0001
2035259704 0.0001
151928418 0.0001
1298946305 0.0001
1317552850 0.0001
2072556564 0.0001
152172062 0.0001
386718505 0.0001
1024492787 0.0001
1751839328 0.0001
152576671 0.0375845
1007631790 0.0375845
1115650363 0.0375845
2003330570 0.0375845
152669702 0.0001
244616972 0.0001
525750098 0.0001
1404835324 0.0001
153046950 0.0001
526983268 0.0001
1266164588 0.0001
1432133837 0.0001
153702094 0.0001
323561936 0.0001
1125961319 0.0001
1361986842 0.0001
154319787 0.0001
181737855 0.0001
506206453 0.0001
798792771 0.0001
155567105 0.0001
388362609 0.0001
610079833 0.0001
2030606062 0.0001
155672875 0.0001
813457751 0.0001
1708967530 0.0001
1726090263 0.0001
156016692 78.0469
364122875 78.0469
1607650676 78.0469
2033169850 78.0469
157167972 0.150367
247054814 0.150367
906676993 0.150367
1222461053 0.150367
158931035 0.0001
415594821 0.0001
1314591749 0.0001
1709358874 0.0001
160432270 0.0001
268446899 0.0001
534757850 0.0001
1294513731 0.0001
160728904 0.0001
512335121 0.0001
811665002 0.0001
1682549748 0.0001
161121327 0.0001
296543696 0.0001
1135543430 0.0001
1405847834 0.0001
161625748 0.0001
316114257 0.0001
940641061 0.0001
1376135493 0.0001
163558117 0.0001
776162816 0.0001
1762134761 0.0001
1961966605 0.0001
163777616 29.1713
529321220 29.1713
907919802 29.1713
1798658890 29.1713
164063450 0.920496
170095369 0.920496
470946589 0.920496
1855232363 0.920496
164154703 0.0001
332771862 0.0001
629327386 0.0001
1962468071 0.0001
164288721 0.0001
558741939 0.0001
1258254102 0.0001
1652035188 0.0001
164543579 0.0001
988894885 0.0001
1449849316 0.0001
1599131931 0.0001
166421430 0.0001
343612901 0.0001
166591365 0.0001
207359454 0.0001
888080129 0.0001
1215204508 0.0001
166762195 0.0001
233254218 0.0001
1534672906 0.0001
1701523858 0.0001
167029706 15.072
848932183 15.072
1678229527 15.072
1701776523 15.072
167120608 0.0001
364920177 0.0001
619634360 0.0001
2079152878 0.0001
167383666 0.0001
206300201 0.0001
958133454 0.0001
1167753043 0.0001
168233494 0.0001
771487475 0.0001
1705142058 0.0001
2019250638 0.0001
168786021 0.0668783
1727895443 0.0668783
169382290 0.0759234
394850241 0.0759234
1726643812 0.0759234
2071593015 0.0759234
171704746 0.0001
1466532637 0.0001
1678861877 0.0001
2054247237 0.0001
172221780 0.0001
1936955538 0.0001
173224546 2.54281
291606129 2.54281
577008414 2.54281
822354798 2.54281
173496040 0.0001
615226723 0.0001
1239996064 0.0001
1430469449 0.0001
173543473 0.0001
536070838 0.0001
1161935035 0.0001
1794091069 0.0001
173840375 0.0001
514168445 0.0001
1250853604 0.0001
1814078732 0.0001
174469330 0.238332
1553012005 0.238332
174873940 34.6524
1271059499 34.6524
1737023358 34.6524
1832979877 34.6524
175745878 0.0001
860007210 0.0001
1558693398 0.0001
1608060011 0.0001
176277548 0.0001
964965699 0.0001
1326890411 0.0001
1950461095 0.0001
176640031 0.119614
1818672284 0.119614
1870833487 0.119614
2013387369 0.119614
176666936 0.0001
1129718338 0.0001
1456717732 0.0001
1714575640 0.0001
177067198 0.0001
611393333 0.0001
1841985023 0.0001
1902221334 0.0001
178038138 0.0001
344033357 0.0001
545323680 0.0001
1979354163 0.0001
178588652 0.0001
485149368 0.0001
922129762 0.0001
1809715090 0.0001
179670818 0.0001
349551186 0.0001
969763338 0.0001
1687742653 0.0001
179948067 0.0001
328844800 0.0001
919861819 0.0001
1824932319 0.0001
180138628 0.0001
1679317907 0.0001
180166173 0.117024
1087121509 0.117024
1451485489 0.117024
1469416685 0.117024
180600669 37.6725
496636885 37.6725
646558728 37.6725
2058830628 37.6725
181886745 0.0001
385887900 0.0001
800269379 0.0001
1263806464 0.0001
182199513 0.0001
1879589580 0.0001
1917431258 0.0001
2046777962 0.0001
183685900 0.0001
513150206 0.0001
669647700 0.0001
1891330913 0.0001
186169632 0.0001
492271732 0.0001
504828745 0.0001
1128237497 0.0001
186318662 0.0001
646685078 0.0001
1211058305 0.0001
1706956369 0.0001
187498831 0.0001
325482743 0.0001
661064218 0.0001
1951082502 0.0001
188042541 0.274536
481701899 0.274536
525478872 0.274536
2041825115 0.274536
188782509 0.0001
822235770 0.0001
871603570 0.0001
1887511907 0.0001
189158925 0.0001
553647378 0.0001
1742598476 0.0001
1986105426 0.0001
190480101 0.130644
749109760 0.130644
1773912072 0.130644
1950545644 0.130644
190946430 2.44918
1578887917 2.44918
1640310535 2.44918
2144864816 2.44918
191566516 0.0001
228233170 0.0001
425954904 0.0001
767898972 0.0001
191748479 0.284698
1447379855 0.284698
1720277845 0.284698
1892063745 0.284698
192186672 0.0001
248682140 0.0001
1991258199 0.0001
2068104088 0.0001
192493883 0.0001
864894002 0.0001
999874439 0.0001
2052892488 0.0001
193496235 0.0001
606508077 0.0001
708166966 0.0001
1067327409 0.0001
193854476 0.0001
1113352054 0.0001
1210024482 0.0001
2029937822 0.0001
194212302 0.936373
637677342 0.936373
1218889225 0.936373
1698142425 0.936373
194359406 0.0001
478718519 0.0001
551721519 0.0001
1959409585 0.0001
194450756 0.0001
1035911176 0.0001
1361405769 0.0001
1560901636 0.0001
195785665 0.146306
485678921 0.146306
501527189 0.146306
1104823737 0.146306
196061183 0.0001
311405532 0.0001
649557927 0.0001
2091043907 0.0001
196099195 0.0001
298300050 0.0001
326201932 0.0001
1882620259 0.0001
196540336 1.68732
2060740117 1.68732
196971632 0.0001
530441555 0.0001
748165180 0.0001
820682108 0.0001
198170757 0.0001
903719197 0.0001
1665385565 0.0001
1733590980 0.0001
199256814 0.0001
1289064263 0.0001
1456009246 0.0001
1520061971 0.0001
199943204 0.0001
545925010 0.0001
622210991 0.0001
1008847483 0.0001
200761429 0.0001
461636670 0.0001
860121738 0.0001
1510437671 0.0001
201597779 0.0001
441180679 0.0001
978540383 0.0001
1736166831 0.0001
202243513 0.0001
500749328 0.0001
1262926160 0.0001
1620466424 0.0001
202367564 2.22765
541452569 2.22765
631172850 2.22765
1119075843 2.22765
202406344 0.0001
651622332 0.0001
761266188 0.0001
1992564701 0.0001
204173940 0.0001
337449867 0.0001
793379463 0.0001
1060015899 0.0001
204388967 0.0001
1163454708 0.0001
1206790186 0.0001
2007500671 0.0001
205664424 0.0001
283761985 0.0001
1132654731 0.0001
1836989184 0.0001
206924267 0.833349
617744521 0.833349
1331748396 0.833349
1743241038 0.833349
207315175 0.238269
735657282 0.238269
1038638422 0.238269
1795723606 0.238269
209310259 0.0001
1274812292 0.0001
1649718700 0.0001
1726269404 0.0001
209735208 0.123416
931397634 0.123416
1612441961 0.123416
1629121858 0.123416
210356561 0.0001
247998023 0.0001
258855554 0.0001
2085530673 0.0001
210472759 0.0001
675920303 0.0001
1154621166 0.0001
1511383671 0.0001
210650916 0.215072
311650835 0.215072
784397469 0.215072
2075820558 0.215072
210815718 0.0001
363278130 0.0001
409586540 0.0001
856230106 0.0001
211361383 0.0001
1293576574 0.0001
1608502731 0.0001
1735182100 0.0001
212582746 0.0001
661441285 0.0001
824379985 0.0001
1367563178 0.0001
213379506 0.441866
452471014 0.441866
951491423 0.441866
1704853935 0.441866
213792600 0.0001
524097552 0.0001
1235449168 0.0001
1613074457 0.0001
214652679 0.0001
661847064 0.0001
725068770 0.0001
982239996 0.0001
215272579 0.410211
969135026 0.410211
1218527767 0.410211
2109103398 0.410211
218411326 0.0001
778420685 0.0001
1443325702 0.0001
2100624278 0.0001
219236156 0.0161254
1284648997 0.0161254
1457897164 0.0161254
1851175955 0.0161254
219625000 0.0001
910173988 0.0001
1287956240 0.0001
2143378047 0.0001
220152923 0.0001
297052594 0.0001
1335580585 0.0001
1634180130 0.0001
221361038 0.0001
686948669 0.0001
1180100650 0.0001
1670732441 0.0001
222810121 0.0001
250818043 0.0001
899955959 0.0001
1044524390 0.0001
223153467 45.5482
561620782 45.5482
718229662 45.5482
2006543150 45.5482
223381834 9.50149
297890610 9.50149
1197416050 9.50149
1640705547 9.50149
223877237 0.0001
672243017 0.0001
1171841285 0.0001
1388724827 0.0001
225101640 457.657
1030481867 457.657
1314877583 457.657
2120110092 457.657
225679111 0.0001
1429219842 0.0001
1667166360 0.0001
2015951450 0.0001
226142881 0.664904
637389763 0.664904
226609667 0.112353
914719785 0.112353
1511924584 0.112353
1528801091 0.112353
227256197 0.184561
228347506 0.184561
1010342452 0.184561
1296949862 0.184561
228689006 0.362151
804206551 0.362151
966850179 0.362151
1351163550 0.362151
228756957 0.0001
1277295300 0.0001
1409315532 0.0001
1823701011 0.0001
228857326 0.0001
1955883048 0.0001
230265247 0.0001
313708916 0.0001
469127371 0.0001
1335511940 0.0001
230507937 0.0001
483370465 0.0001
547722745 0.0001
1927463550 0.0001
230687861 0.15083
1225933576 0.15083
1269072854 0.15083
1984346477 0.15083
232987192 0.0001
1960011774 0.0001
233138988 0.215085
234975487 0.215085
795937083 0.215085
1576502093 0.215085
233479489 0.0001
463821845 0.0001
883899517 0.0001
1770497677 0.0001
234908882 0.0001
624160834 0.0001
1565611657 0.0001
2117084794 0.0001
235190508 36.35
1164174152 36.35
236534941 0.264708
591747604 0.264708
889887552 0.264708
1395762797 0.264708
237935367 25.0279
666973945 25.0279
701655010 25.0279
976748573 25.0279
238092419 0.0001
963647827 0.0001
1209174262 0.0001
2136183078 0.0001
238456566 0.0001
446484570 0.0001
1275247898 0.0001
1655515575 0.0001
238713667 0.0001
760941488 0.0001
1141898218 0.0001
1866229626 0.0001
242684792 0.0001
1084341895 0.0001
1108835929 0.0001
1978773088 0.0001
243366158 0.579344
654810183 0.579344
1645928015 0.579344
1905914119 0.579344
243972113 0.0001
952772074 0.0001
1414628011 0.0001
1477760337 0.0001
245468604 0.0001
1156126034 0.0001
1638082921 0.0001
1759381056 0.0001
245646767 0.054118
542674468 0.054118
788266785 0.054118
844108488 0.054118
248430196 0.0001
347003242 0.0001
804898918 0.0001
1036731163 0.0001
248967702 0.0001
600677193 0.0001
1663012442 0.0001
2085863783 0.0001
249032251 0.0001
281723660 0.0001
697262640 0.0001
2096436387 0.0001
249533987 0.400337
307856812 0.400337
412112759 0.400337
1332813660 0.400337
250228300 0.0001
580920601 0.0001
623715347 0.0001
1107326178 0.0001
250983880 0.171906
644169053 0.171906
768854765 0.171906
1948373981 0.171906
251328890 0.0001
1495408583 0.0001
1624743653 0.0001
1950011295 0.0001
252527839 0.0001
412733454 0.0001
1638510024 0.0001
1983723801 0.0001
252735514 0.0684157
1181098633 0.0684157
1318258435 0.0684157
2127898710 0.0684157
252892464 26.5633
253100302 0.0001
876679170 0.0001
1548172117 0.0001
1866647098 0.0001
253145530 10.2288
448621373 10.2288
1469812193 10.2288
2016779623 10.2288
253359971 0.0001
568671464 0.0001
1201212947 0.0001
1530061818 0.0001
255028823 0.0001
975466854 0.0001
1275517328 0.0001
2031208097 0.0001
255973870 0.0001
1948754633 0.0001
256017317 0.0001
703374413 0.0001
1190783343 0.0001
1375791333 0.0001
256944170 0.0001
633782399 0.0001
1068584598 0.0001
1813469957 0.0001
257759265 0.0001
690640736 0.0001
1363734955 0.0001
2137870985 0.0001
258430499 0.0001
271259934 0.0001
1358498829 0.0001
2111989074 0.0001
259826502 0.0001
1014586921 0.0001
1596540145 0.0001
1686001149 0.0001
260111653 1.81452
637933676 1.81452
1251852077 1.81452
1495175269 1.81452
260454126 0.0001
580839094 0.0001
590916468 0.0001
1293274347 0.0001
261365089 0.0001
885197933 0.0001
1074233956 0.0001
1929543435 0.0001
261729642 0.0001
1290474875 0.0001
1314772389 0.0001
1948192882 0.0001
261978452 0.0157823
487078848 0.0157823
750454385 0.0157823
1330435392 0.0157823
262398824 0.0001
1535856374 0.0001
1660371292 0.0001
1978292997 0.0001
262717755 0.0001
566914511 0.0001
712809087 0.0001
1971103534 0.0001
263722509 0.0001
923475154 0.0001
988284650 0.0001
2070639091 0.0001
264476281 0.0892607
307488810 0.0892607
676733483 0.0892607
902192248 0.0892607
264762099 133.272
543810165 133.272
1255846139 133.272
1601268348 133.272
265105345 0.0001
1075447317 0.0001
1699756590 0.0001
1773315133 0.0001
266158632 0.0001
714571283 0.0001
1056154081 0.0001
1485580829 0.0001
266750356 0.0001
1020896106 0.0001
1669197525 0.0001
1783090730 0.0001
268784660 0.0001
726811928 0.0001
1293181042 0.0001
2115083549 0.0001
268852647 3.79927
721556365 3.79927
922428777 3.79927
939172162 3.79927
269234209 33.1329
270260694 33.1329
564716647 33.1329
1356700725 33.1329
269276013 0.197792
1143242483 0.197792
1197325144 0.197792
1346412801 0.197792
270856051 0.0001
991392739 0.0001
1260861771 0.0001
1749436856 0.0001
271774606 0.0001
1234177183 0.0001
1370588311 0.0001
1898120768 0.0001
271870909 0.0001
1761875579 0.0001
272145928 0.0001
915847648 0.0001
1245367323 0.0001
1589890449 0.0001
273845492 0.0001
1450247297 0.0001
274005472 0.0001
1786813429 0.0001
1961039746 0.0001
2136334386 0.0001
275773020 0.0001
594152243 0.0001
1177088949 0.0001
2105533113 0.0001
275986323 0.0001
544347920 0.0001
1397129300 0.0001
1665638615 0.0001
277913996 0.0001
321150078 0.0001
1363357876 0.0001
1520771365 0.0001
279659287 0.0001
415146146 0.0001
672680392 0.0001
1497225147 0.0001
280880437 0.0001
716713780 0.0001
281568806 0.0001
897704730 0.0001
1331051528 0.0001
1481154390 0.0001
282146409 0.0761503
806572703 0.0761503
871844172 0.0761503
1649916959 0.0761503
282253053 22.2212
1101591040 22.2212
1168679022 22.2212
1605754679 22.2212
282505847 0.0001
421636817 0.0001
680695648 0.0001
1342643811 0.0001
282948456 0.750487
928984781 0.750487
1021958525 0.750487
1778980221 0.750487
284142677 0.0001
1340876803 0.0001
1789269048 0.0001
1989158825 0.0001
284575429 0.0001
743526020 0.0001
1522779756 0.0001
1849041486 0.0001
285031685 16.9449
947543143 16.9449
1226362306 16.9449
1637854368 16.9449
285549877 0.0001
1157877706 0.0001
1490337359 0.0001
1977756022 0.0001
285827124 0.0001
1112519576 0.0001
1351227181 0.0001
2063382855 0.0001
286005395 0.0001
674699503 0.0001
902704651 0.0001
921756790 0.0001
286430545 0.530581
905897128 0.530581
1007305993 0.530581
1540588343 0.530581
286545137 0.113375
604195776 0.113375
1563637254 0.113375
1747200311 0.113375
286716379 0.0001
698743556 0.0001
754240352 0.0001
1836563577 0.0001
289913699 0.0001
786331999 0.0001
1900028785 0.0001
2089731887 0.0001
290065256 0.0001
573763136 0.0001
1012063024 0.0001
1277135327 0.0001
290339866 0.0614564
335084740 0.0614564
864729132 0.0614564
1208747316 0.0614564
290675495 2.52054
608453654 2.52054
291059361 11.949
526224973 11.949
857179416 11.949
1987339856 11.949
295169644 0.0001
438376924 0.0001
995188760 0.0001
1099236877 0.0001
295377881 0.838417
409975416 0.838417
1015270273 0.838417
1984093671 0.838417
295474604 0.0001
561869584 0.0001
617383243 0.0001
1830624817 0.0001
295672863 0.0165423
940478625 0.0165423
1037408074 0.0165423
1596178512 0.0165423
298611597 0.0001
343770582 0.0001
696219986 0.0001
1442771663 0.0001
299604602 0.0001
342518817 0.0001
613124765 0.0001
1477050624 0.0001
299923681 0.0001
471108398 0.0001
716663277 0.0001
789673537 0.0001
301775150 26.6801
964417612 26.6801
1520165514 26.6801
1914471400 26.6801
302277426 0.0001
693334590 0.0001
1570241591 0.0001
1855062360 0.0001
302720491 0.0001
1363055148 0.0001
304638046 0.0001
662206649 0.0001
714826369 0.0001
1727729568 0.0001
305228777 0.0001
1033861999 0.0001
1749015634 0.0001
2106853077 0.0001
307138327 0.191926
403532355 0.191926
721257928 0.191926
1502485850 0.191926
307432294 1.58516
1018151149 1.58516
1652571894 1.58516
2116801311 1.58516
307727520 0.0001
1039768614 0.0001
1122047023 0.0001
1464520360 0.0001
307767605 0.0001
705422805 0.0001
308360983 113.779
885985535 113.779
1299536566 113.779
1502370620 113.779
310553443 0.910887
311048796 0.0001
563070771 0.0001
1184577876 0.0001
2110531672 0.0001
311087995 0.0001
450379544 0.0001
1954338319 0.0001
2083404396 0.0001
311206511 0.442273
1566061244 0.442273
1589389679 0.442273
1611278361 0.442273
311934509 0.0001
468357380 0.0001
937263638 0.0001
2106923768 0.0001
313602528 0.0001
1751472117 0.0001
1951456611 0.0001
2145790675 0.0001
314026451 0.0001
702593247 0.0001
1601318967 0.0001
1819790680 0.0001
315817462 0.0001
880597534 0.0001
1334875830 0.0001
1533646652 0.0001
316175164 107.705
600784483 107.705
1037177684 107.705
1201800623 107.705
316425294 7.72868
668775048 7.72868
745162040 7.72868
1745363547 7.72868
317343014 0.0001
1617743696 0.0001
1640577941 0.0001
1647124550 0.0001
319313682 0.0001
1384849419 0.0001
1389113309 0.0001
1786717442 0.0001
319883101 41.1465
983032340 41.1465
1812565844 41.1465
2139791388 41.1465
319939601 57.2327
501336626 57.2327
1802715866 57.2327
1842446490 57.2327
320053879 0.101215
628979949 0.101215
1040937519 0.101215
1263542130 0.101215
321114635 0.702588
802653548 0.702588
1109326112 0.702588
1287489573 0.702588
322852474 0.0001
349808320 0.0001
607666300 0.0001
1525665024 0.0001
323152079 0.0001
384104291 0.0001
1725218251 0.0001
1797279236 0.0001
323390533 0.0001
1046340890 0.0001
1640218420 0.0001
2123362313 0.0001
323697742 0.0001
850489861 0.0001
1045687318 0.0001
1553733018 0.0001
323967172 0.0001
733699533 0.0001
737956379 0.0001
1782065876 0.0001
324730174 0.0001
543096913 0.0001
1535728488 0.0001
1625180772 0.0001
325748521 0.0001
1152541076 0.0001
1772794316 0.0001
2101862582 0.0001
326247020 0.16125
415552988 0.16125
1004710649 0.16125
1094110444 0.16125
327364424 5.61337
696706377 5.61337
328209025 0.0001
950242833 0.0001
1086400730 0.0001
1671452713 0.0001
328755865 0.0001
778942933 0.0001
1583215485 0.0001
1811598418 0.0001
329165625 0.27093
680332516 0.27093
1070899308 0.27093
1335909397 0.27093
329279638 0.0001
664319213 0.0001
1052293326 0.0001
1236652914 0.0001
329436604 0.0001
947006996 0.0001
1860977492 0.0001
2134469373 0.0001
330733351 0.0001
620203767 0.0001
331062771 0.657143
1344922589 0.657143
1379461866 0.657143
1754982658 0.657143
331277652 0.146867
665353806 0.146867
876747185 0.146867
978405546 0.146867
331367444 0.215995
500372751 0.215995
1163798868 0.215995
1900589646 0.215995
336599391 0.941866
1858371402 0.941866
1933830382 0.941866
2029330270 0.941866
337339039 0.0001
369781672 0.0001
783901047 0.0001
1436030342 0.0001
337668387 0.0001
477267264 0.0001
338010416 0.0001
1333903073 0.0001
1425280292 0.0001
2117239632 0.0001
339223873 0.0001
403978764 0.0001
1118193665 0.0001
1955568973 0.0001
340158285 0.0001
431133826 0.0001
585467278 0.0001
658741794 0.0001
340744939 0.0001
1231536155 0.0001
1769960771 0.0001
2133898263 0.0001
341734076 0.0001
532177709 0.0001
1815925879 0.0001
1871194501 0.0001
342800415 4.71275
534269871 4.71275
945426954 4.71275
1116632095 4.71275
343066980 0.0001
1091092471 0.0001
1133740367 0.0001
1569631352 0.0001
343970912 0.890984
539373412 0.890984
2034886700 0.890984
2142795082 0.890984
344284275 0.0001
363503417 0.0001
835674184 0.0001
1943344325 0.0001
345561090 0.0001
664610157 0.0001
1222326121 0.0001
1938564709 0.0001
345826587 0.0001
443337528 0.0001
557570612 0.0001
664344692 0.0001
347564649 0.0001
369207991 0.0001
835916083 0.0001
1247128619 0.0001
350214100 0.0001
833373561 0.0001
1592416125 0.0001
1942694323 0.0001
350372955 0.0001
457224565 0.0001
1366634972 0.0001
1451567249 0.0001
353348201 0.0001
1583935949 0.0001
353475956 0.2502
1212655300 0.2502
1438658912 0.2502
2046073717 0.2502
354049131 0.0001
1715020504 0.0001
1838142824 0.0001
1875786366 0.0001
354168191 0.0001
1152070107 0.0001
356676326 0.0001
1097523064 0.0001
1117426779 0.0001
1434947074 0.0001
356823878 0.0001
1399274291 0.0001
356914796 0.0001
437505162 0.0001
580961877 0.0001
1422221685 0.0001
357354334 0.0001
488515389 0.0001
899237471 0.0001
1036757564 0.0001
359116043 0.0001
395731459 0.0001
399601109 0.0001
1813045019 0.0001
359772662 0.0001
513253479 0.0001
764566792 0.0001
774283514 0.0001
360368694 0.0001
2078155553 0.0001
360643908 0.111044
986770882 0.111044
1785099597 0.111044
2144186314 0.111044
361968047 0.0001
1608231233 0.0001
1925413145 0.0001
2076071472 0.0001
362276241 0.0001
563517308 0.0001
1066121803 0.0001
1089311490 0.0001
363435658 0.492315
1692200664 0.492315
1869224296 0.492315
1870524575 0.492315
364022472 0.0001
702069456 0.0001
950688400 0.0001
1207295311 0.0001
364806013 0.306109
503875789 0.306109
505372986 0.306109
1691027247 0.306109
365633314 0.0001
1098765763 0.0001
1427813174 0.0001
1892608114 0.0001
367947899 0.0208485
656318448 0.0208485
761100964 0.0208485
1721624809 0.0208485
368411934 0.0001
698332422 0.0001
1048751967 0.0001
1105012864 0.0001
370224761 0.0694119
1673557163 0.0694119
1752597275 0.0694119
1824868460 0.0694119
370735864 0.0001
571367906 0.0001
933608293 0.0001
968288894 0.0001
372040805 8.24627
1549652509 8.24627
1880611144 8.24627
1895937172 8.24627
372334612 0.0476252
1733554609 0.0476252
372707584 0.0001
495052464 0.0001
1058374823 0.0001
1170334386 0.0001
377125179 0.0001
746566458 0.0001
1348071758 0.0001
1784429391 0.0001
377594694 0.521265
816165665 0.521265
1866197263 0.521265
2068373258 0.521265
377805793 0.0001
489827409 0.0001
1039157415 0.0001
1193553586 0.0001
379530884 0.0001
1589124637 0.0001
1907523189 0.0001
1928467784 0.0001
379824973 0.0713021
419520099 0.0713021
576081775 0.0713021
631658018 0.0713021
380278507 0.0001
1266813979 0.0001
1775026082 0.0001
2139324150 0.0001
381932599 0.0001
1035421553 0.0001
1045650594 0.0001
1682267713 0.0001
382028804 0.0001
488856981 0.0001
633385323 0.0001
645155993 0.0001
382337206 0.172131
825687123 0.172131
1775405247 0.172131
1949023835 0.172131
383028596 0.0001
439751527 0.0001
1003248940 0.0001
1947956472 0.0001
383419512 0.0001
1002564903 0.0001
1229250134 0.0001
1443402091 0.0001
383641921 0.361706
413659373 0.361706
1078166529 0.361706
1950111660 0.361706
384950829 480.233
1133221054 480.233
1648915555 480.233
2085968212 480.233
385365676 0.0001
908966829 0.0001
386548506 0.0001
495230487 0.0001
1217665332 0.0001
1884152411 0.0001
386968146 0.0339034
1472267846 0.0339034
1489255041 0.0339034
1769408304 0.0339034
387672909 0.0001
1842285912 0.0001
1991949981 0.0001
2097957165 0.0001
387783257 0.0001
1411952030 0.0001
387820269 0.0001
971071846 0.0001
1827792453 0.0001
1884949420 0.0001
389575936 0.0001
843835309 0.0001
1115401477 0.0001
1868223435 0.0001
389849406 1.8065
573292047 1.8065
1409881849 1.8065
1629358536 1.8065
390431840 0.0001
1139058550 0.0001
390775481 0.985829
740152245 0.985829
1330497901 0.985829
2085106690 0.985829
391148130 0.0001
652431315 0.0001
996464759 0.0001
2075489379 0.0001
391885693 0.0001
485311693 0.0001
514632667 0.0001
1685638606 0.0001
392612309 0.0001
802538250 0.0001
899829219 0.0001
1948334842 0.0001
392919518 69.7398
961469180 69.7398
1233031252 69.7398
1862917909 69.7398
393721873 0.831282
522540146 0.831282
1682124629 0.831282
1813103414 0.831282
395626281 0.0001
764480808 0.0001
1587911276 0.0001
1688227949 0.0001
396297782 8.84626
2070800832 8.84626
397432593 0.993886
855272234 0.993886
861677288 0.993886
1428401428 0.993886
397924708 0.0001
542181725 0.0001
788845499 0.0001
1641184836 0.0001
398865558 0.0001
1215664350 0.0001
1257156198 0.0001
1580880266 0.0001
399079460 0.0001
438985244 0.0001
717980832 0.0001
1578689374 0.0001
401286103 0.0001
781659261 0.0001
989066127 0.0001
1085950946 0.0001
401765272 0.0001
685868587 0.0001
402017921 82.5624
1090612086 82.5624
402677911 0.0001
1579411682 0.0001
404135718 0.0001
862041447 0.0001
890130302 0.0001
1565315832 0.0001
404749075 37.3078
837834477 37.3078
1317115475 37.3078
1567355308 37.3078
406547243 0.0001
1374351441 0.0001
1544153705 0.0001
1827146965 0.0001
406657599 0.0001
725149520 0.0001
1316626390 0.0001
1965887194 0.0001
407599544 0.0253702
1395401244 0.0253702
407639169 0.0001
992830578 0.0001
1512798283 0.0001
1897456859 0.0001
407998704 0.0001
1243006839 0.0001
1283013998 0.0001
1561058606 0.0001
408681846 0.0001
727580697 0.0001
1247288352 0.0001
1896811820 0.0001
408773957 0.0001
1764236567 0.0001
1791755972 0.0001
1792798515 0.0001
409159078 0.0001
1599512591 0.0001
1931258714 0.0001
2135823703 0.0001
411095993 0.0001
1078648884 0.0001
1834102892 0.0001
1991095334 0.0001
412849768 0.0001
886152509 0.0001
932312576 0.0001
1354540785 0.0001
412964808 0.0001
644634984 0.0001
1448874944 0.0001
1627386115 0.0001
413001596 0.0001
515183283 0.0001
1308854844 0.0001
1915663858 0.0001
413488583 0.865395
830765415 0.865395
901612959 0.865395
1604919032 0.865395
414963717 0.0001
1061627104 0.0001
1113645759 0.0001
1603916891 0.0001
416321351 0.0001
1572039695 0.0001
1912170330 0.0001
2147344310 0.0001
417025624 0.0001
1115608482 0.0001
1173607592 0.0001
1412502774 0.0001
417740016 0.0001
1378296470 0.0001
1993036655 0.0001
2134897358 0.0001
418088187 0.617449
907497328 0.617449
1870170168 0.617449
1943234001 0.617449
419379015 0.0905015
813192741 0.0905015
1229466595 0.0905015
1640974977 0.0905015
420354234 0.0001
688863289 0.0001
422552541 0.108584
473537647 0.108584
1511658522 0.108584
1594633128 0.108584
424149290 0.0001
1006779665 0.0001
1026424411 0.0001
1532130727 0.0001
424964177 0.0001
1009781515 0.0001
1049021397 0.0001
1657982281 0.0001
425530468 34.8833
1379553216 34.8833
425986630 0.0001
566096169 0.0001
893710499 0.0001
1070214574 0.0001
426423294 0.19502
1455301421 0.19502
1560859805 0.19502
1673450987 0.19502
427906962 0.0001
1302985228 0.0001
1817424967 0.0001
2068753950 0.0001
428512909 0.0001
1585896882 0.0001
1939738090 0.0001
2007494930 0.0001
428987228 0.16289
694012806 0.16289
903600137 0.16289
1316002679 0.16289
430709056 0.129582
673129713 0.129582
982148709 0.129582
2052835953 0.129582
431070513 0.217917
1045258708 0.217917
1096149469 0.217917
1554833209 0.217917
431483941 0.0001
1151301333 0.0001
1674050270 0.0001
1971862410 0.0001
433240064 9.24798
1075880240 9.24798
1493373972 9.24798
1905499265 9.24798
433569959 0.512933
592985385 0.512933
933313699 0.512933
1064953679 0.512933
433799033 0.0001
913649663 0.0001
1825005042 0.0001
2037155701 0.0001
435848222 0.0001
449072739 0.0001
1280975651 0.0001
1969300319 0.0001
436807106 0.0454088
1039522087 0.0454088
1308591134 0.0454088
1342616314 0.0454088
437348768 0.089551
620928019 0.089551
1546838485 0.089551
1663112294 0.089551
437757952 0.0001
602024226 0.0001
923760728 0.0001
1305431741 0.0001
438817303 0.0001
714527370 0.0001
1391752257 0.0001
1779931327 0.0001
440304216 0.131726
1120739139 0.131726
1192630440 0.131726
1417862679 0.131726
442807072 0.0001
694242895 0.0001
1228245371 0.0001
1919064183 0.0001
444978157 0.101938
1097935389 0.101938
1527162100 0.101938
2042765506 0.101938
446341454 0.0001
655518277 0.0001
919644699 0.0001
1077885620 0.0001
447338625 0.153931
1000255123 0.153931
1489941579 0.153931
1907043898 0.153931
448259575 0.0001
512629007 0.0001
1002710324 0.0001
2093510155 0.0001
450799403 0.0001
1393507409 0.0001
1555701896 0.0001
1817953844 0.0001
451097764 0.0001
1186411064 0.0001
1533035453 0.0001
2114205927 0.0001
451233200 0.0001
565335228 0.0001
1461771348 0.0001
1680154939 0.0001
451259543 0.0558535
1586504195 0.0558535
451920145 0.608566
1237574413 0.608566
1703536728 0.608566
2109903328 0.608566
452605715 0.0001
826514444 0.0001
1281645139 0.0001
1574452045 0.0001
452787416 0.0001
919334858 0.0001
937700480 0.0001
1491503189 0.0001
453317090 0.0001
1177389842 0.0001
1743678415 0.0001
1906420379 0.0001
453635644 0.0001
678497044 0.0001
1064046925 0.0001
1327580066 0.0001
455009415 0.0001
686568992 0.0001
716036406 0.0001
1748867636 0.0001
455497276 0.0001
731338401 0.0001
1360254613 0.0001
1777351275 0.0001
456008783 0.0001
684238360 0.0001
1994872835 0.0001
2002189366 0.0001
456485877 0.120189
2027245875 0.120189
457951925 0.232283
869051351 0.232283
1118714482 0.232283
1781095184 0.232283
457983168 0.0001
937205307 0.0001
1631777659 0.0001
2010637185 0.0001
458573687 0.0001
749967182 0.0001
772102032 0.0001
1624504943 0.0001
460720834 0.0001
1480834309 0.0001
461271770 0.0001
1052622953 0.0001
1343826302 0.0001
1977261005 0.0001
462318008 0.0001
605531012 0.0001
820947470 0.0001
1025527376 0.0001
462480506 9.80861
937094959 9.80861
970872771 9.80861
1592985394 9.80861
465098852 0.0001
1384744225 0.0001
466443127 0.0001
544814403 0.0001
1146290521 0.0001
1303398671 0.0001
466849574 0.0513432
1352875381 0.0513432
1526866738 0.0513432
1628438724 0.0513432
466881336 0.0812089
1210251402 0.0812089
1271325529 0.0812089
1767014734 0.0812089
467135404 156.922
662992162 156.922
966350869 156.922
1320000831 156.922
467570585 0.0001
891438098 0.0001
1234055657 0.0001
1428544512 0.0001
468600122 0.366261
1187438538 0.366261
1686662259 0.366261
1925688615 0.366261
469730378 0.0001
1489646477 0.0001
470012525 0.359291
897922852 0.359291
1662736996 0.359291
1889039660 0.359291
471687087 0.0001
1536727576 0.0001
2053297235 0.0001
2127734307 0.0001
471911456 0.0001
1550630476 0.0001
1903455764 0.0001
1913498559 0.0001
474003761 15.5632
1003818339 15.5632
477426772 0.0001
894853619 0.0001
917666336 0.0001
1861385762 0.0001
479328888 31.9255
647245945 31.9255
479420242 0.10195
1729487434 0.10195
1834354462 0.10195
1877002176 0.10195
481313055 0.0001
698834478 0.0001
1352082408 0.0001
1702903001 0.0001
482481642 0.0001
742982374 0.0001
820178703 0.0001
842980961 0.0001
482767200 0.0001
663838828 0.0001
1204135768 0.0001
1958763063 0.0001
483115371 0.0001
1733131379 0.0001
2016202024 0.0001
2056916470 0.0001
483982498 0.27124
702024292 0.27124
762036499 0.27124
1762240112 0.27124
485367430 0.0001
838258398 0.0001
948691447 0.0001
1453753960 0.0001
485716944 0.0001
959496547 0.0001
485969609 0.0001
1355820094 0.0001
486692422 0.675975
881111823 0.675975
1268529926 0.675975
1478431822 0.675975
487544569 0.0001
633101350 0.0001
766099347 0.0001
1814743178 0.0001
495425444 3.63924
1826948609 3.63924
497362288 0.0001
861531899 0.0001
1628000395 0.0001
2107817314 0.0001
498177740 0.0001
581067647 0.0001
1536302777 0.0001
1686235914 0.0001
499515457 0.0001
1278612275 0.0001
1410833211 0.0001
2094527887 0.0001
499795264 0.0001
1126728450 0.0001
1548300889 0.0001
2073790941 0.0001
500658565 0.958835
1692863555 0.958835
500925488 0.0001
705735279 0.0001
1111875102 0.0001
1205458467 0.0001
503506251 2.09928
621194081 2.09928
1922646538 2.09928
1939392033 2.09928
504010552 0.0001
643390424 0.0001
1433259164 0.0001
1832779900 0.0001
504486018 0.0001
952106858 0.0001
1656597881 0.0001
1984212211 0.0001
507612695 0.271015
727093542 0.271015
507718461 127.22
1519479872 127.22
1606442020 127.22
1646421663 127.22
507861545 0.0001
621955877 0.0001
1258717740 0.0001
2013495107 0.0001
507989943 0.0001
766911511 0.0001
984301134 0.0001
1248846377 0.0001
508333736 0.0001
526601698 0.0001
846962106 0.0001
1885464887 0.0001
509621616 0.0001
1565885111 0.0001
510784512 0.0001
572680846 0.0001
879602650 0.0001
1129934576 0.0001
512911476 0.475978
1695864172 0.475978
2111150939 0.475978
2137217925 0.475978
513059284 0.759366
825932114 0.759366
1855911149 0.759366
2067082858 0.759366
513701094 0.0001
1091862072 0.0001
1683898883 0.0001
2028076826 0.0001
514513615 0.0001
1048532942 0.0001
514605820 0.0001
518737194 0.0001
643319797 0.0001
1596929509 0.0001
516227104 0.0001
1558148269 0.0001
1894279103 0.0001
1908909301 0.0001
516376134 0.0001
630216522 0.0001
1464220445 0.0001
1682163314 0.0001
516617805 0.0001
1699498837 0.0001
1756320109 0.0001
1780060595 0.0001
519092303 0.0001
1186137418 0.0001
1255675345 0.0001
1370365715 0.0001
520315232 0.110618
604450634 0.110618
1218217995 0.110618
1235029024 0.110618
521678554 0.0001
609173462 0.0001
1193223438 0.0001
1947916385 0.0001
525853643 34.4275
708902138 34.4275
1412479087 34.4275
1629988702 34.4275
526767569 0.0001
1054381132 0.0001
1749481740 0.0001
1946055312 0.0001
527389040 0.0001
540781333 0.0001
797882316 0.0001
1776955503 0.0001
530176074 0.0001
748430629 0.0001
1493856289 0.0001
1650286893 0.0001
531210845 0.0001
1350470537 0.0001
1904526786 0.0001
2103860177 0.0001
531358779 0.0001
620557623 0.0001
1174071566 0.0001
1996428385 0.0001
531469615 0.0001
1416431458 0.0001
1580130870 0.0001
1826491837 0.0001
533426790 0.0001
1403723591 0.0001
1581778303 0.0001
1796740504 0.0001
534551441 0.0001
585000725 0.0001
792558893 0.0001
1796209775 0.0001
535263498 0.0001
692362185 0.0001
1568675264 0.0001
1668356960 0.0001
538730854 0.0001
942276761 0.0001
1078502994 0.0001
1345072078 0.0001
539679441 0.0694882
935218688 0.0694882
1317942214 0.0694882
1494918935 0.0694882
542245102 0.404934
1118066676 0.404934
1424725664 0.404934
2105186846 0.404934
544256570 0.0001
578911538 0.0001
583430884 0.0001
1493680170 0.0001
545533598 0.0001
1205102120 0.0001
1319717121 0.0001
1791800944 0.0001
548725821 0.0699655
1028510425 0.0699655
1294911319 0.0699655
1792162738 0.0699655
549347484 0.0001
1406007310 0.0001
1631393669 0.0001
1803481809 0.0001
549553250 0.0001
603934239 0.0001
1332013406 0.0001
1985997090 0.0001
551081005 136.653
629793865 136.653
658449559 136.653
1532913973 136.653
553590366 0.0001
815502274 0.0001
1654157972 0.0001
2058228587 0.0001
554108526 0.31776
1179973599 0.31776
1306656879 0.31776
1540579451 0.31776
554621060 0.0001
1785299744 0.0001
554758041 23.9623
715528233 23.9623
924946317 23.9623
1307961752 23.9623
556469506 0.688452
1018917713 0.688452
1166741143 0.688452
1478193348 0.688452
556948813 0.0001
768656222 0.0001
986568967 0.0001
1964699859 0.0001
557214271 0.0001
700665781 0.0001
729124715 0.0001
1521538855 0.0001
557844920 0.0202171
581177963 0.0202171
882209407 0.0202171
1175713801 0.0202171
558219691 0.0001
738267770 0.0001
1734756830 0.0001
1780652559 0.0001
559213052 0.0001
1284097344 0.0001
1333366371 0.0001
1636898072 0.0001
561019332 0.0001
1343416417 0.0001
562408117 0.0001
1188422147 0.0001
1372125274 0.0001
1974273835 0.0001
562650880 0.0001
1393546614 0.0001
1709914211 0.0001
1712268208 0.0001
563031572 0.951576
702399095 0.951576
1199123296 0.951576
1328269059 0.951576
565496975 0.0001
1152465887 0.0001
1325911151 0.0001
1533061786 0.0001
566039141 0.0001
1754025760 0.0001
566473509 0.0001
597013956 0.0001
1352737408 0.0001
1391928417 0.0001
567001430 0.203867
1026782105 0.203867
1370019032 0.203867
2002103318 0.203867
569358409 0.83475
1399403071 0.83475
1501180234 0.83475
1520315033 0.83475
570480730 0.0001
1320499322 0.0001
1808876320 0.0001
2119491270 0.0001
571082088 0.0001
1631564463 0.0001
571600909 0.0001
775810880 0.0001
1317689164 0.0001
2023981568 0.0001
572183134 0.459658
807950627 0.459658
1618853524 0.459658
2048776586 0.459658
574998649 0.0001
1063622196 0.0001
1191653631 0.0001
1383432913 0.0001
583054148 0.0001
863818330 0.0001
1609004315 0.0001
1952374276 0.0001
584646438 0.822698
713691973 0.822698
924478742 0.822698
1061716341 0.822698
584840853 0.0001
908261151 0.0001
1151845486 0.0001
1644815238 0.0001
584943489 0.0723711
1083961477 0.0723711
1290854430 0.0723711
1837310173 0.0723711
585170217 0.0001
1183696613 0.0001
1354893233 0.0001
2143840217 0.0001
585841718 0.30865
1170631879 0.30865
1326431772 0.30865
1665512777 0.30865
586312825 0.0001
659846101 0.0001
1697849119 0.0001
1757932752 0.0001
586737880 0.0001
653834934 0.0001
884418956 0.0001
2077237318 0.0001
588823690 0.0001
863777046 0.0001
1260296157 0.0001
1395193378 0.0001
589725477 0.141753
1380249216 0.141753
590452434 36.5681
1381173111 36.5681
590810849 0.0001
1249122124 0.0001
1655994872 0.0001
1925651859 0.0001
591133524 0.0634338
1142336421 0.0634338
1157678713 0.0634338
1766509868 0.0634338
592511119 0.0001
1141043518 0.0001
1337198222 0.0001
1501914778 0.0001
592933275 0.0001
1831212429 0.0001
594527008 0.0001
742005190 0.0001
780982552 0.0001
1491697208 0.0001
594818629 0.0001
879307804 0.0001
923855287 0.0001
1664631849 0.0001
595717983 0.0001
1048107451 0.0001
1277461091 0.0001
1809350278 0.0001
596402004 0.0001
1731520921 0.0001
1903896781 0.0001
2124727716 0.0001
598812156 8.73118
1278873505 8.73118
1302086243 8.73118
1629675513 8.73118
599450851 0.0001
1777499149 0.0001
2006075773 0.0001
2129618516 0.0001
600503920 4.94105
766570460 4.94105
1093355677 4.94105
1968479024 4.94105
600945569 0.0001
925413931 0.0001
1517025768 0.0001
2093342208 0.0001
602065518 0.0001
1189559614 0.0001
1297205902 0.0001
1496755323 0.0001
602585117 0.194155
1309555255 0.194155
1480719203 0.194155
2126652141 0.194155
603405420 0.178452
1046954559 0.178452
1754294216 0.178452
1962940827 0.178452
604322516 0.0001
669065479 0.0001
942714946 0.0001
1253456436 0.0001
605011573 0.0001
651398939 0.0001
1260057431 0.0001
2073158747 0.0001
609861735 0.625885
710768779 0.625885
840302899 0.625885
2004214395 0.625885
611468670 0.0001
740337949 0.0001
1464259130 0.0001
1595162201 0.0001
617286462 0.0268467
1125305600 0.0268467
1410324313 0.0268467
1893967520 0.0268467
617789501 0.0001
881599024 0.0001
1226556529 0.0001
1796372510 0.0001
618032131 0.215854
944215675 0.215854
1423716666 0.215854
1917321539 0.215854
619951086 0.0001
2052487802 0.0001
620671825 0.0001
1255396558 0.0001
1315153598 0.0001
1669035750 0.0001
622852910 0.0001
1587103286 0.0001
1961879644 0.0001
1985554562 0.0001
624480785 0.0001
918289753 0.0001
1512069656 0.0001
1940307793 0.0001
627342170 0.0001
1549010588 0.0001
630329644 0.0001
1120033178 0.0001
1270838963 0.0001
1876593090 0.0001
630480952 177.394
829252018 177.394
1191079281 177.394
1615874713 177.394
633955818 0.0001
1136061974 0.0001
1465630572 0.0001
1913750359 0.0001
637298522 0.0001
699324759 0.0001
1071716355 0.0001
2027224490 0.0001
637452912 0.0001
961884057 0.0001
1483285553 0.0001
1989537722 0.0001
639584291 0.0001
1600666163 0.0001
1738293050 0.0001
1742418156 0.0001
643364673 0.271863
806827541 0.271863
987686094 0.271863
1744207422 0.271863
646175118 25.2247
1843692074 25.2247
646956316 0.0001
1057489110 0.0001
1402185623 0.0001
1880205404 0.0001
648604707 0.0001
1563316539 0.0001
2103186899 0.0001
2146096397 0.0001
648834021 0.0001
1413285988 0.0001
1551371760 0.0001
1603010516 0.0001
649195412 0.0001
840675640 0.0001
1244285141 0.0001
1686494328 0.0001
651951464 0.0001
984184872 0.0001
1827569089 0.0001
2026771682 0.0001
653542760 0.0001
1815433998 0.0001
1927080182 0.0001
2066237783 0.0001
656774220 0.0001
796358703 0.0001
659181219 0.0001
1094042975 0.0001
1305959244 0.0001
1755146103 0.0001
659308471 0.135108
1005048414 0.135108
1242526836 0.135108
1693695999 0.135108
660699918 0.0001
838102004 0.0001
1567607989 0.0001
1912542798 0.0001
661761080 0.0001
864595378 0.0001
1179494288 0.0001
1625522296 0.0001
662626442 0.0001
851210938 0.0001
665177669 0.0001
786518010 0.0001
950963886 0.0001
2056082613 0.0001
666523073 0.0001
739025521 0.0001
766072500 0.0001
1467822241 0.0001
667662387 0.249936
1166921527 0.249936
1239867308 0.249936
1754603375 0.249936
668393230 0.109578
700812821 0.109578
1263368271 0.109578
2136728405 0.109578
670168625 0.0001
1368674577 0.0001
1718780200 0.0001
1764187086 0.0001
671511742 0.0001
883792215 0.0001
1389472684 0.0001
2083348519 0.0001
673022427 290.687
858734024 290.687
1263377155 290.687
1479396211 290.687
673399412 0.0001
712328341 0.0001
1497486289 0.0001
1528288560 0.0001
673743723 35.767
901315896 35.767
1666177231 35.767
2128586396 35.767
674272922 0.0001
1132609599 0.0001
675124773 0.0001
1175515578 0.0001
1521437859 0.0001
2008521979 0.0001
676609502 0.0001
931507355 0.0001
1009998635 0.0001
1384143819 0.0001
678100593 0.0001
1407992681 0.0001
1410053075 0.0001
1455256333 0.0001
679960930 2.75292
680560789 0.182516
1509038384 0.182516
684327730 88.4077
920071685 88.4077
1066643386 88.4077
1793710377 88.4077
684848727 0.0001
1515682849 0.0001
1888612949 0.0001
1937107334 0.0001
686290751 0.0001
895508635 0.0001
1054250795 0.0001
1379111210 0.0001
687058340 0.234133
702922872 0.234133
1052536048 0.234133
1959615112 0.234133
688474413 51.6064
808123401 51.6064
1000082361 51.6064
1407004472 51.6064
688610483 0.0001
1017153076 0.0001
1099382891 0.0001
1848201453 0.0001
691922692 0.0001
899025645 0.0001
1329714687 0.0001
1639784052 0.0001
693829709 0.0001
904981924 0.0001
1590168718 0.0001
1882507013 0.0001
696266370 0.0001
1117073870 0.0001
1745050011 0.0001
2049325841 0.0001
702241348 0.0001
1460459320 0.0001
1611317566 0.0001
1743597956 0.0001
702566904 0.0001
1707553551 0.0001
702990795 0.0001
1163078123 0.0001
1751498450 0.0001
2111841076 0.0001
704789311 0.0001
903064186 0.0001
1046830538 0.0001
1356225834 0.0001
709109956 0.0001
878750565 0.0001
1275202990 0.0001
1517576812 0.0001
711937681 0.0001
1354442884 0.0001
1717552529 0.0001
1843999265 0.0001
712916821 0.0001
1007177879 0.0001
1615577084 0.0001
2121219165 0.0001
713446980 1.59655
939851047 1.59655
714257920 0.0001
849264750 0.0001
1197197900 0.0001
1828756032 0.0001
716304862 0.567364
926312058 0.567364
1015058890 0.567364
1348835275 0.567364
717655668 0.0001
1537482705 0.0001
718140852 0.115465
1055759511 0.115465
1626895645 0.115465
2089480285 0.115465
720466045 0.0001
887905610 0.0001
993243171 0.0001
1850328752 0.0001
721788408 0.0001
1702164974 0.0001
723082295 0.0001
947457095 0.0001
1075554956 0.0001
1529419423 0.0001
725521988 0.0001
1472142809 0.0001
1659833662 0.0001
1734277989 0.0001
726857132 0.7611
1056517931 0.7611
1187567302 0.7611
1768343104 0.7611
727137727 0.0001
752499893 0.0001
982908385 0.0001
1988077391 0.0001
727226410 0.509227
1369118664 0.509227
1384057883 0.509227
1507725916 0.509227
729229889 0.0001
1749196166 0.0001
729548818 0.0001
1013099340 0.0001
1186296926 0.0001
1677521250 0.0001
730187761 0.0001
1823482456 0.0001
1923944303 0.0001
2130686306 0.0001
732040578 0.0001
764082253 0.0001
1194961603 0.0001
2064946445 0.0001
733527385 0.0001
1304901285 0.0001
1503914327 0.0001
2095699308 0.0001
734312755 0.819352
928334667 0.819352
1540285450 0.819352
2103104627 0.819352
735963516 0.0001
1348162660 0.0001
1572359772 0.0001
1594789506 0.0001
736920877 0.0001
815347432 0.0001
992985432 0.0001
1362682680 0.0001
740198910 0.0525599
837271322 0.0525599
1318485924 0.0525599
1768588097 0.0525599
742784312 0.0001
971909055 0.0001
1398633777 0.0001
2096326071 0.0001
743050069 1.67833
1731023089 1.67833
746045769 0.135406
831453101 0.135406
1392902647 0.135406
1962605842 0.135406
746670195 193.062
849110340 193.062
916207402 193.062
1676034489 193.062
747709850 31.6906
1832889573 31.6906
1907998570 31.6906
2070965681 31.6906
748884864 0.0001
851484663 0.0001
964061255 0.0001
1450669461 0.0001
748985845 0.0001
1267322116 0.0001
1275382798 0.0001
1615775579 0.0001
751045544 0.0001
826096972 0.0001
1373883895 0.0001
1981755666 0.0001
751150897 43.5667
1149535152 43.5667
1813252901 43.5667
1966587393 43.5667
751310650 0.0001
1214780591 0.0001
753146966 0.0001
788531077 0.0001
847745057 0.0001
1073814103 0.0001
755756433 0.0001
1030709261 0.0001
1732144440 0.0001
2131233991 0.0001
757127228 0.0001
1475657257 0.0001
1678142606 0.0001
1873845054 0.0001
757799203 0.0001
1249437842 0.0001
1845146935 0.0001
2076955939 0.0001
759189089 0.0001
2044816759 0.0001
759599041 0.0001
1746715167 0.0001
2037260895 0.0001
2130827334 0.0001
761030281 0.214512
1715158317 0.214512
764320967 0.0001
807330452 0.0001
1857760000 0.0001
1932219731 0.0001
765915937 0.0001
1330684987 0.0001
1364035852 0.0001
2027718066 0.0001
768196841 0.0001
979194936 0.0001
771590119 0.0001
1283883929 0.0001
1523139277 0.0001
1893014807 0.0001
773608487 0.0001
1001885344 0.0001
1410524060 0.0001
2075980570 0.0001
774379842 70.9503
1225083315 70.9503
1519488780 70.9503
1994097753 70.9503
776682611 0.22833
2007944372 0.22833
781964195 0.0001
1236697938 0.0001
1484014348 0.0001
1950238809 0.0001
784017169 0.0001
849018231 0.0001
1131567965 0.0001
1829021529 0.0001
784596270 0.0001
1199629443 0.0001
1729259092 0.0001
2002846271 0.0001
785965420 0.0001
818269275 0.0001
835953031 0.0001
1688852244 0.0001
787238725 0.0001
1049150169 0.0001
1320716401 0.0001
1452206478 0.0001
788093451 31.0614
1204859414 31.0614
1369404226 31.0614
1943126267 31.0614
790097522 0.0001
829710853 0.0001
848329174 0.0001
1569809412 0.0001
791009384 0.460028
1854624023 0.460028
1888910368 0.460028
2053091067 0.460028
791416041 0.0001
988716761 0.0001
792820039 0.0001
1768091954 0.0001
796852279 0.0001
1104931104 0.0001
799289080 0.0001
1271469364 0.0001
1569117280 0.0001
1921823752 0.0001
801444924 39.1029
1427206697 39.1029
1689626223 39.1029
1862488543 39.1029
802288760 0.0001
833732872 0.0001
952954401 0.0001
1704553622 0.0001
804434854 1.40233
1804025138 1.40233
805810907 0.0001
1171607822 0.0001
1579865412 0.0001
1758298454 0.0001
807044638 0.0001
909276113 0.0001
1521079440 0.0001
1719987038 0.0001
808881522 0.0001
1289615199 0.0001
1388370536 0.0001
1699544033 0.0001
810835273 0.421528
1249917788 0.421528
1645261769 0.421528
1772504185 0.421528
811722022 0.0001
1590879686 0.0001
1868683383 0.0001
1890601266 0.0001
818682074 0.408185
2074821502 0.408185
820484008 0.0001
1244918205 0.0001
1626701769 0.0001
1799587961 0.0001
822490864 0.0001
1154798885 0.0001
1405734780 0.0001
1697553262 0.0001
824265783 0.0001
876049285 0.0001
1913977840 0.0001
1996670018 0.0001
827746830 0.0001
1652181010 0.0001
1820258558 0.0001
1949665606 0.0001
827877737 0.0001
1442343676 0.0001
834031485 0.498524
1520652337 0.498524
1782757005 0.498524
2020070407 0.498524
836203961 0.0001
1317597798 0.0001
1610224166 0.0001
1670390334 0.0001
837526408 0.0001
1461561084 0.0001
837630907 0.0001
1329247943 0.0001
1886276770 0.0001
2005515288 0.0001
837669532 41.274
1262072969 41.274
1972352511 41.274
2117681743 41.274
844458607 0.0546512
1216416890 0.0546512
1922248588 0.0546512
2032523324 0.0546512
845436358 0.0001
1451448709 0.0001
1848660826 0.0001
1944527583 0.0001
845717619 2.91672
1292798266 2.91672
1430646914 2.91672
1631879791 2.91672
854650763 0.0001
1270911565 0.0001
859044871 0.437197
996216932 0.437197
1964012658 0.437197
2101516305 0.437197
859147539 0.0001
1102251877 0.0001
1546948801 0.0001
1607502610 0.0001
861111165 0.0001
1511037648 0.0001
1794210924 0.0001
2055346183 0.0001
861494863 0.0001
1165751993 0.0001
862528600 0.393212
1276054801 0.393212
1514196037 0.393212
1849802408 0.393212
863561000 0.231767
1884115695 0.231767
865000614 1539.8
1237804235 1539.8
1571011385 1539.8
1692382355 1539.8
867306135 33.3328
1347563601 33.3328
867411470 0.0001
1657373427 0.0001
1855667454 0.0001
1954956199 0.0001
867723025 0.0284321
1191309663 0.0284321
1419065312 0.0284321
1800141322 0.0284321
871446616 0.0001
972411610 0.0001
1086697244 0.0001
1254180254 0.0001
873908450 0.0001
1193435046 0.0001
876266382 1.3671
937351261 1.3671
1036901160 1.3671
1330336094 1.3671
877172603 0.0323764
1091828262 0.0323764
1443815551 0.0323764
1616919269 0.0323764
877436937 0.0001
1338645777 0.0001
1353428042 0.0001
1377660052 0.0001
878047302 7.76337
977707357 7.76337
1457325596 7.76337
1657511174 7.76337
882523853 0.0001
1390785841 0.0001
1448462145 0.0001
1931475834 0.0001
889255622 32.7547
1147299683 32.7547
890707761 6.86743
892060523 0.0001
1423634586 0.0001
1818884677 0.0001
1957213298 0.0001
894247970 0.0001
1394403519 0.0001
1806688864 0.0001
1959678779 0.0001
894439655 0.143498
1281387809 0.143498
897018400 0.0001
1387179038 0.0001
1532628415 0.0001
2142665798 0.0001
899995088 0.0001
938660657 0.0001
900589686 0.0001
1195324144 0.0001
1535152105 0.0001
1780998824 0.0001
905354416 0.0001
1386664966 0.0001
1401493324 0.0001
2012014653 0.0001
911054639 0.0001
1076375567 0.0001
1117712593 0.0001
1305160247 0.0001
913234586 0.0001
1968926045 0.0001
917519430 0.0001
989162428 0.0001
1450102013 0.0001
1613648134 0.0001
919135865 0.906301
1145990159 0.906301
1275816347 0.906301
1341092424 0.906301
921130002 0.0001
1976755157 0.0001
923402495 0.0001
978244398 0.0001
1898547338 0.0001
2087541595 0.0001
925811519 0.0001
1440823987 0.0001
1493410976 0.0001
2029644523 0.0001
926876239 0.0001
1020859358 0.0001
1153152277 0.0001
1192184039 0.0001
927013328 0.0001
927474806 0.100663
1200420881 0.100663
1499808745 0.100663
1788094537 0.100663
927732484 0.0001
1134523642 0.0001
1993303069 0.0001
2066513445 0.0001
929535517 0.502363
1048895051 0.502363
1397596679 0.502363
1761201203 0.502363
941080814 0.0001
1000553756 0.0001
1914847303 0.0001
2042909142 0.0001
941736326 0.180047
1070717131 0.180047
1977899106 0.180047
2051452236 0.180047
945363897 0.0001
1254867263 0.0001
1579585605 0.0001
1870789892 0.0001
945578782 0.0001
1028283564 0.0001
948437347 0.0001
1135179154 0.0001
1901697561 0.0001
1934136110 0.0001
948929917 0.0001
1124677733 0.0001
1769969167 0.0001
1808357073 0.0001
951257823 0.0001
1099134745 0.0001
955516169 0.0001
1103395023 0.0001
962842045 0.0001
1741030441 0.0001
964838487 0.0001
1566918676 0.0001
1837412008 0.0001
1884544813 0.0001
964865392 0.0001
1258563334 0.0001
1423291971 0.0001
1462873488 0.0001
966524223 0.0001
1063936089 0.0001
1386421269 0.0001
1711646481 0.0001
966770726 0.0001
994308424 0.0001
1451920644 0.0001
1711381000 0.0001
968445931 0.0001
1599031967 0.0001
970578358 0.0001
1118325606 0.0001
1124974499 0.0001
1226751190 0.0001
973457921 0.25581
973849357 0.0387083
1217218939 0.0387083
1977570270 0.0387083
1983596557 0.0387083
982430299 0.0001
1091047235 0.0001
2046560842 0.0001
2068499092 0.0001
985927046 0.0001
1063391786 0.0001
1968673411 0.0001
2023973196 0.0001
987143382 0.0001
1223976526 0.0001
1458129785 0.0001
1873603141 0.0001
988538494 0.0001
1487769978 0.0001
1553231234 0.0001
2112335169 0.0001
991143901 35.8085
1886715001 35.8085
993793462 0.0001
1105752995 0.0001
1109098887 0.0001
1236104759 0.0001
995761112 0.0001
1205571653 0.0001
2061069505 0.0001
2137561754 0.0001
998720515 0.0001
1549697597 0.0001
1576587263 0.0001
2031402502 0.0001
1002061483 92.889
1766672690 92.889
1858095160 92.889
2001757189 92.889
1005179193 0.0001
1161714757 0.0001
2053809696 0.0001
2106414746 0.0001
1008063718 0.0001
1280869897 0.0001
1531288656 0.0001
1748859256 0.0001
1009189296 0.0001
1309014824 0.0001
1527402817 0.0001
1649406077 0.0001
1011098753 0.0001
1332786117 0.0001
1016559677 18.8129
1178803752 18.8129
1349680700 18.8129
1539606924 18.8129
1019516847 0.0001
1360640787 0.0001
1391063088 0.0001
2080467787 0.0001
1022732294 0.0001
1771036309 0.0001
1796530221 0.0001
1963576602 0.0001
1022881376 0.0001
1301643205 0.0001
1025047787 0.0001
1613784603 0.0001
1740465937 0.0001
1911727685 0.0001
1025069170 35.1277
1130960103 35.1277
1033305110 27.1034
1366555159 27.1034
1623246758 27.1034
2101825538 27.1034
1033439867 0.0001
1252904785 0.0001
1420878438 0.0001
1759739112 0.0001
1033587741 0.0001
1814843577 0.0001
1036156605 29.3323
1232857331 29.3323
1597254055 29.3323
1626006605 29.3323
1041375840 0.0001
1294382372 0.0001
1050038043 9.62458
1089593977 9.62458
1145186574 9.62458
1262949833 9.62458
1050798209 0.46528
1338210596 0.46528
1050933108 0.0001
1177976439 0.0001
2005222342 0.0001
2121423712 0.0001
1051160754 0.0001
1474586911 0.0001
1867998144 0.0001
2133067691 0.0001
1052115318 2.5806
1339330771 2.5806
1058272691 0.0001
1059566269 0.0001
1237852690 0.0001
1602741062 0.0001
1645160525 0.0001
1061246452 0.0001
1626534332 0.0001
1651101444 0.0001
1992110312 0.0001
1066912560 0.0406812
1106273874 0.0406812
1883462627 0.0406812
2135320356 0.0406812
1067088699 0.0001
2091896060 0.0001
1068106028 39.1491
1652726748 39.1491
1670706688 39.1491
1977300820 39.1491
1073519730 0.0001
1138417158 0.0001
1073987453 0.0001
1562632496 0.0001
1718939708 0.0001
1929789970 0.0001
1077539199 0.0001
1553079446 0.0001
1601551938 0.0001
1904833993 0.0001
1091489507 0.52645
1790404092 0.52645
1856036453 0.52645
2132590459 0.52645
1094219092 0.0001
1685188712 0.0001
1737904828 0.0001
1888023010 0.0001
1095919528 0.0001
1824733560 0.0001
1104384312 0.0001
1233223003 0.0001
1105169834 19.2598
1416910637 19.2598
1482180704 19.2598
2012633318 19.2598
1106176912 0.0001
1368024588 0.0001
1653578595 0.0001
2059008668 0.0001
1110488106 0.0001
1364255834 0.0001
1649744181 0.0001
2036835622 0.0001
1113200226 0.0001
1517057949 0.0001
1631282833 0.0001
1902111501 0.0001
1114074314 0.0001
1245020329 0.0001
1129364081 0.12502
1258444306 0.12502
1984406848 0.12502
2115324195 0.12502
1131227646 0.0001
1425653039 0.0001
1131266265 0.0001
1565082488 0.0001
1850523159 0.0001
2017120725 0.0001
1132864693 0.0001
1445854770 0.0001
1595399885 0.0001
1891225163 0.0001
1142736419 0.367155
2115570722 0.367155
1145631804 0.0001
1412200864 0.0001
1870358700 0.0001
2001537363 0.0001
1148554900 0.0001
1150879681 22.9699
1256398445 22.9699
1461332105 22.9699
1667627812 22.9699
1151232760 0.0001
1770324903 0.0001
1784848755 0.0001
1966009934 0.0001
1153844341 0.0001
1183859348 0.0001
1154319722 0.318733
1499331385 0.318733
1666724152 0.318733
2127056747 0.318733
1159545352 0.519401
2132314121 0.519401
1160186890 7.13976
1351407245 7.13976
1404181744 7.13976
2082212982 7.13976
1160313447 0.0001
1215048118 0.0001
1161975855 0.0001
1292940364 0.0001
1884636958 0.0001
2013768573 0.0001
1165959815 0.0001
1393118533 0.0001
1611444266 0.0001
2116563851 0.0001
1167278837 0.0001
1238766863 0.0001
1412375531 0.0001
1651490320 0.0001
1169084794 0.0001
1664803075 0.0001
1778434556 0.0001
1989229444 0.0001
1176367365 0.611843
1855623271 0.611843
1176733813 0.0001
1179218862 0.279575
1193393970 0.279575
1538278730 0.279575
1625113559 0.279575
1193047342 0.377184
1436474957 0.377184
1872434252 0.377184
2098839343 0.377184
1199482133 0.0001
1389723538 0.0001
1425902173 0.0001
2069076699 0.0001
1204631143 60.2531
1222632279 60.2531
1216859610 0.0001
1719338577 0.0001
1759016788 0.0001
1953733309 0.0001
1228796259 0.966115
1335833379 0.966115
1959273007 0.966115
2050493452 0.966115
1230818215 0.0001
1308315680 0.0001
1571146285 0.0001
1800763336 0.0001
1237059571 0.0001
1507363439 0.0001
1792898816 0.0001
1928009471 0.0001
1242102273 0.0001
1379834878 0.0001
1768524530 0.0001
2030897006 0.0001
1242535736 21.4748
1879727417 21.4748
1256117361 0.467361
1464773154 0.467361
1258471221 0.0001
1290970744 0.0001
2007349108 0.0001
2013741658 0.0001
1262431418 0.0001
1427877659 0.0001
1713263220 0.0001
1885879734 0.0001
1270417319 0.580833
1296603841 0.580833
1598031405 0.580833
1810283817 0.580833
1273141830 23.7222
1650753295 23.7222
1813931683 23.7222
2141014507 23.7222
1276778591 0.0001
1551799747 0.0001
1730774223 0.0001
2132796720 0.0001
1277649655 0.0001
1285305154 0.0001
1345838763 0.0001
1507104509 0.0001
1999134070 0.0001
1291227402 0.0001
1326527454 0.0001
1477415040 0.0001
1774130230 0.0001
1294847716 0.0001
1532731686 0.0001
1751014473 0.0001
1987764200 0.0001
1302201349 0.301561
1505652006 0.301561
1790677065 0.301561
1992889609 0.301561
1304512433 0.0001
1365944920 0.0001
1439511007 0.0001
2066872916 0.0001
1308415038 0.0001
1373441624 0.0001
1493554612 0.0001
2004036016 0.0001
1311171941 0.0001
1624911598 0.0001
1685960041 0.0001
2027313280 0.0001
1313113578 0.0001
1642763628 0.0001
1740791971 0.0001
1919531556 0.0001
1325388895 0.425397
1556963106 0.425397
1738165806 0.425397
2113546544 0.425397
1370954916 0.0001
1372716013 0.0001
1858211422 0.0001
1375986006 0.00188337
1515261237 0.00188337
1395931117 0.0001
1852949695 0.0001
1406467001 0.0001
1878639735 0.0001
2052202224 0.0001
2088430399 0.0001
1410401032 0.0001
1547956075 0.0001
1414404399 0.391448
1532808223 0.391448
1633224222 0.391448
1850463022 0.391448
1419192341 0.0001
1656683865 0.0001
1936446704 0.0001
2135411645 0.0001
1419729510 0.822847
2081962756 0.822847
1428608435 0.771403
1613875842 0.771403
1435836242 0.0001
1658062466 0.0001
1436591933 0.0001
1873112380 0.0001
1439325414 6.21278
1856461435 6.21278
1916182531 6.21278
1935568031 6.21278
1450370069 0.274722
1645033400 0.274722
1905137904 0.274722
2146697564 0.274722
1453223232 2.20718
1822140225 2.20718
1462735078 0.0001
1846841498 0.0001
1892903939 0.0001
1944954494 0.0001
1469327476 0.0001
1918343879 0.0001
1470097771 0.324503
1838818154 0.324503
1494095019 0.0001
1757319197 0.0001
1947565556 0.0001
2012405536 0.0001
1497330321 0.0001
1634516593 0.0001
1502394480 57.4714
1669952113 57.4714
1508241607 32.2473
1513860989 0.0001
1782222846 0.0001
1533467534 0.0001
1713580252 0.0001
1545322982 0.975683
1878868913 0.975683
2058741262 0.975683
2063876667 0.975683
1547744544 0.260065
1724860590 0.260065
1924955819 0.260065
2053416263 0.260065
1554516743 0.0001
1830326193 0.0001
2044825147 0.0001
2047225071 0.0001
1567898064 0.0001
1751328481 0.0001
1581410553 0.0001
1756550428 0.0001
2028752657 0.0001
2085344406 0.0001
1627790393 0.0001
1767174234 0.0001
1655890379 0.0001
1793068456 0.0001
1729429095 0.671539
1866863108 0.671539
1833656355 2.19665
1893408368 2.19665
1873718307 0.0001
1885918353 0.0001
1902285221 0.697921
1926655063 0.970337
2055503924 0.970337
1926900054 0.205965
2110323814 0.205965
1972748283 0.0001
2140231033 0.0001
2003858427 0.0001
2132975512 0.0001
2033221062 0.0001
2070533337 0.0001
2122312555 0.0001
2082882164 0.0001
